1
1
3
2
1
2
5
6
5
8
5
6
3
10
8
6
13
18
9
3
12
10
22
19
2
19
25
13
8
13
21
28
25
16
22
19
17
21
37
18
27
23
2
10
6
37
4
42
38
23
21
12
21
43
46
12
3
18
6
16
42
41
2
50
63
20
59
23
50
12
71
8
13
65
67
38
39
34
54
3
39
75
72
34
51
35
51
63
15
79
55
26
53
61
35
55
19
96
95
67
91
27
85
11
97
7
94
55
101
40
72
35
52
73
12
39
56
8
55
118
35
6
66
17
112
78
4
2
89
94
25
125
69
55
97
20
72
55
85
1
63
94
98
141
127
109
107
111
116
46
120
151
25
99
104
83
132
111
74
88
133
115
132
129
113
141
155
1
110
56
105
115
26
47
146
58
169
2
91
31
64
114
4
143
77
63
105
84
42
163
34
28
167
125
191
38
189
90
75
70
122
58
140
100
192
84
130
169
39
80
134
88
82
88
183
146
114
138
176
29
122
129
130
108
184
53
202
83
148
148
133
232
230
141
181
231
11
135
239
192
60
120
75
138
148
93
89
82
214
209
61
192
45
86
108
248
179
114
114
199
57
135
150
209
126
82
54
37
188
32
137
272
215
235
64
177
43
16
189
86
83
69
239
13
98
41
70
22
248
114
210
152
226
128
178
33
150
143
10
247
180
64
127
106
235
291
267
112
261
92
138
52
138
45
243
122
285
115
223
11
321
257
142
34
270
243
18
325
274
279
135
90
54
220
147
116
313
21
26
64
263
185
105
66
196
84
156
232
337
122
312
103
94
122
189
218
56
105
31
137
72
193
41
3
281
125
335
108
32
193
237
168
213
74
368
254
172
223
308
291
264
119
377
85
3
174
39
311
264
173
28
185
62
78
114
245
274
185
168
278
247
353
29
242
190
33
99
107
17
398
94
37
207
14
253
106
32
375
328
114
317
150
264
18
270
290
318
423
48
290
339
12
121
203
301
330
310
437
296
216
368
88
304
379
231
381
389
189
314
193
120
359
399
77
13
253
275
376
418
13
385
308
396
362
306
189
299
50
131
275
407
35
456
260
292
322
227
8
65
196
399
5
409
439
236
44
231
163
56
41
361
453
110
404
374
469
273
81
430
174
